0
10
5
15
2
12
7
17
1
11
6
16
3
13
8
18
4
14
9
19
20
30
25
35
22
32
27
37
21
31
26
36
23
33
28
38
24
34
29
39
40
50
45
55
42
52
47
57
41
51
46
56
43
53
48
58
44
54
49
59
60
70
65
75
62
72
67
77
61
71
66
76
63
73
68
78
64
74
69
79
80
90
85
95
82
92
87
97
81
91
86
96
83
93
88
98
84
94
89
99
100
110
105
115
102
112
107
117
101
111
106
116
103
113
108
118
104
114
109
119
120
130
125
135
122
132
127
137
121
131
126
136
123
133
128
138
124
134
129
139
140
150
145
155
142
152
147
157
141
151
146
156
143
153
148
158
144
154
149
159
160
170
165
175
162
172
167
177
161
171
166
176
163
173
168
178
164
174
169
179
180
190
185
195
182
192
187
197
181
191
186
196
183
193
188
198
184
194
189
199
200
210
205
215
202
212
207
217
201
211
206
216
203
213
208
218
204
214
209
219
220
230
225
235
222
232
227
237
221
231
226
236
223
233
228
238
224
234
229
239
240
250
245
255
242
252
247
257
241
251
246
256
243
253
248
258
244
254
249
259
260
270
265
275
262
272
267
277
261
271
266
276
263
273
268
278
264
274
269
279
280
290
285
295
282
292
287
297
281
291
286
296
283
293
288
298
284
294
289
299
300
310
305
315
302
312
307
317
301
311
306
316
303
313
308
318
304
314
309
319
320
330
325
335
322
332
327
337
321
331
326
336
323
333
328
338
324
334
329
339
